#<Timestamp>20130709
#<Time period>20130709
#<File Type>PS_Constants
#<Updated>irregular
#<Country/Region>USA
#<Delimiter>,
#<Subfield Delimiter>|
#<Subsubfield Delimiter>:
#<Text Qualifier>"
#<Version>1.8.BROOKSIDE
#<Field Names>"delta","c"
5,1|5|0.2|0.02|0.1|60|26|900|3|6|13|0.2|0.04|1|1|0.2|50000|1|60|120|0.1|0.25|5|1|1|240|120|24|120|100|1|2|0.01|0.01|1|1|0.1|12|12|800|0.1|0.33|12|1|1|180|96|0.01|180|0.05|0.1|60|0.5|20|2|2|24|60|0.001|900|3|5|0.04|0|0|0|1|1|3|1|34500|360|0|0|0|0.01|1|0.2|304|0.2|0.8|0.015|87444466|0.2|1|0.25|0.5|40000000|160000000|1.7|0.01|3|0.3|12|0.5|0.2|0|0.8|180|60|0|30|0.15|30|1|1|1|1|0.6|34800
#<EOF>
